  1.562500000000000E-005  4.614093959731550E-006  4.614093959731550E-006
  4.614093959731531E-006  4.614093959731531E-006  4.614093959731531E-006
  4.614093959731495E-006  4.614093959731567E-006  4.614093959731567E-006
  4.614093959731495E-006  4.614093959731567E-006  4.614093959731567E-006
  4.614093959731495E-006  4.614093959731495E-006  4.614093959731495E-006
  4.614093959731551E-006  1.362551236430809E-006  1.362551236430819E-006
  1.362551236430828E-006  1.362551236430833E-006  1.362551236430846E-006
  1.362551236430851E-006  1.362551236430869E-006  1.362551236430878E-006
  1.362551236430891E-006  1.362551236430900E-006  1.362551236430909E-006
  1.362551236430918E-006  1.362551236430937E-006  1.362551236430937E-006
  4.614093959731557E-006  1.362551236430797E-006  1.362551236430798E-006
  1.362551236430792E-006  1.362551236430785E-006  1.362551236430792E-006
  1.362551236430792E-006  1.362551236430792E-006  1.362551236430796E-006
  1.362551236430792E-006  1.362551236430792E-006  1.362551236430796E-006
  1.362551236430801E-006  1.362551236430792E-006  1.362551236430792E-006
  4.614093959731524E-006  1.362551236430786E-006  1.362551236430787E-006
  1.362551236430783E-006  1.362551236430785E-006  1.362551236430783E-006
  1.362551236430774E-006  1.362551236430778E-006  1.362551236430774E-006
  1.362551236430783E-006  1.362551236430787E-006  1.362551236430783E-006
  1.362551236430774E-006  1.362551236430792E-006  1.362551236430765E-006
  4.614093959731495E-006  1.362551236430778E-006  1.362551236430778E-006
  1.362551236430765E-006  1.362551236430774E-006  1.362551236430774E-006
  1.362551236430774E-006  1.362551236430774E-006  1.362551236430774E-006
  1.362551236430774E-006  1.362551236430774E-006  1.362551236430774E-006
  1.362551236430792E-006  1.362551236430792E-006  1.362551236430792E-006
  4.614093959731546E-006  1.362551236430794E-006  1.362551236430794E-006
  1.362551236430790E-006  1.362551236430783E-006  1.362551236430787E-006
  1.362551236430787E-006  1.362551236430792E-006  1.362551236430787E-006
  1.362551236430787E-006  1.362551236430792E-006  1.362551236430787E-006
  1.362551236430792E-006  1.362551236430792E-006  1.362551236430783E-006
  4.614093959731480E-006  1.362551236430774E-006  1.362551236430774E-006
  1.362551236430762E-006  1.362551236430769E-006  1.362551236430769E-006
  1.362551236430769E-006  1.362551236430769E-006  1.362551236430769E-006
  1.362551236430769E-006  1.362551236430769E-006  1.362551236430769E-006
  1.362551236430783E-006  1.362551236430783E-006  1.362551236430783E-006
  4.614093959731546E-006  1.362551236430794E-006  1.362551236430794E-006
  1.362551236430790E-006  1.362551236430783E-006  1.362551236430787E-006
  1.362551236430787E-006  1.362551236430792E-006  1.362551236430787E-006
  1.362551236430787E-006  1.362551236430792E-006  1.362551236430787E-006
  1.362551236430792E-006  1.362551236430792E-006  1.362551236430783E-006
  4.614093959731546E-006  1.362551236430794E-006  1.362551236430794E-006
  1.362551236430790E-006  1.362551236430783E-006  1.362551236430787E-006
  1.362551236430787E-006  1.362551236430792E-006  1.362551236430787E-006
  1.362551236430787E-006  1.362551236430792E-006  1.362551236430787E-006
  1.362551236430792E-006  1.362551236430792E-006  1.362551236430783E-006
  4.614093959731524E-006  1.362551236430787E-006  1.362551236430787E-006
  1.362551236430778E-006  1.362551236430778E-006  1.362551236430783E-006
  1.362551236430783E-006  1.362551236430783E-006  1.362551236430783E-006
  1.362551236430783E-006  1.362551236430783E-006  1.362551236430783E-006
  1.362551236430792E-006  1.362551236430792E-006  1.362551236430792E-006
  4.614093959731567E-006  1.362551236430800E-006  1.362551236430800E-006
  1.362551236430796E-006  1.362551236430787E-006  1.362551236430796E-006
  1.362551236430796E-006  1.362551236430796E-006  1.362551236430796E-006
  1.362551236430792E-006  1.362551236430796E-006  1.362551236430796E-006
  1.362551236430792E-006  1.362551236430801E-006  1.362551236430792E-006
  4.614093959731467E-006  1.362551236430664E-006  1.362551236430578E-006
  1.362551236430482E-006  1.362551236430401E-006  1.362551236430318E-006
  1.362551236430232E-006  1.362551236430146E-006  1.362551236430060E-006
  1.362551236429979E-006  1.362551236429888E-006  1.362551236429807E-006
  1.362551236429726E-006  1.362551236429644E-006  1.362551236429563E-006
  4.614093959731626E-006  1.362551236430923E-006  1.362551236431008E-006
  1.362551236431090E-006  1.362551236431167E-006  1.362551236431262E-006
  1.362551236431348E-006  1.362551236431429E-006  1.362551236431510E-006
  1.362551236431601E-006  1.362551236431686E-006  1.362551236431772E-006
  1.362551236431858E-006  1.362551236431948E-006  1.362551236432030E-006
  4.614093959731553E-006  1.362551236430796E-006  1.362551236430795E-006
  1.362551236430787E-006  1.362551236430787E-006  1.362551236430792E-006
  1.362551236430792E-006  1.362551236430792E-006  1.362551236430787E-006
  1.362551236430792E-006  1.362551236430792E-006  1.362551236430792E-006
  1.362551236430801E-006  1.362551236430801E-006  1.362551236430801E-006
  4.614093959731582E-006  1.362551236431015E-006  1.362551236431186E-006
  1.362551236431350E-006  1.362551236431521E-006  1.362551236431695E-006
  1.362551236431867E-006  1.362551236432034E-006  1.362551236432201E-006
  1.362551236432378E-006  1.362551236432549E-006  1.362551236432716E-006
  1.362551236432906E-006  1.362551236433069E-006  1.362551236433240E-006
  4.614093959731550E-006  1.362551236430795E-006  1.362551236430795E-006
  1.362551236430792E-006  1.362551236430785E-006  1.362551236430790E-006
  1.362551236430783E-006  1.362551236430787E-006  1.362551236430787E-006
  1.362551236430792E-006  1.362551236430787E-006  1.362551236430787E-006
  1.362551236430792E-006  1.362551236430792E-006  1.362551236430792E-006
  1.362551236430770E-006  4.023641235097053E-007  4.023641235096629E-007
  4.023641235096186E-007  4.023641235095752E-007  4.023641235095339E-007
  4.023641235094876E-007  4.023641235094481E-007  4.023641235094052E-007
  4.023641235093634E-007  4.023641235093171E-007  4.023641235092764E-007
  4.023641235092335E-007  4.023641235091906E-007  4.023641235091477E-007
  1.362551236430727E-006  4.023641235100627E-007  4.023641235103191E-007
  4.023641235105735E-007  4.023641235108293E-007  4.023641235110868E-007
  4.023641235113398E-007  4.023641235115984E-007  4.023641235118559E-007
  4.023641235121112E-007  4.023641235123641E-007  4.023641235126194E-007
  4.023641235128791E-007  4.023641235131298E-007  4.023641235133873E-007
  1.362551236430814E-006  4.023641235095593E-007  4.023641235093888E-007
  4.023641235092160E-007  4.023641235090449E-007  4.023641235088766E-007
  4.023641235087004E-007  4.023641235085333E-007  4.023641235083627E-007
  4.023641235081933E-007  4.023641235080160E-007  4.023641235078489E-007
  4.023641235076795E-007  4.023641235075078E-007  4.023641235073361E-007
  1.362551236430640E-006  4.023641235088735E-007  4.023641235081905E-007
  4.023641235075055E-007  4.023641235068223E-007  4.023641235061401E-007
  4.023641235054546E-007  4.023641235047736E-007  4.023641235040915E-007
  4.023641235034093E-007  4.023641235027193E-007  4.023641235020417E-007
  4.023641235013573E-007  4.023641235006751E-007  4.023641234999907E-007
  1.362551236430698E-006  4.023641235088910E-007  4.023641235082081E-007
  4.023641235075237E-007  4.023641235068392E-007  4.023641235061593E-007
  4.023641235054704E-007  4.023641235047928E-007  4.023641235041106E-007
  4.023641235034262E-007  4.023641235027396E-007  4.023641235020574E-007
  4.023641235013753E-007  4.023641235006886E-007  4.023641235000065E-007
  1.362551236430698E-006  4.023641235097366E-007  4.023641235097366E-007
  4.023641235097349E-007  4.023641235097349E-007  4.023641235097349E-007
  4.023641235097327E-007  4.023641235097372E-007  4.023641235097349E-007
  4.023641235097372E-007  4.023641235097327E-007  4.023641235097327E-007
  4.023641235097372E-007  4.023641235097372E-007  4.023641235097327E-007
  1.362551236430929E-006  4.023641235106514E-007  4.023641235113341E-007
  4.023641235120151E-007  4.023641235126984E-007  4.023641235133828E-007
  4.023641235140627E-007  4.023641235147494E-007  4.023641235154316E-007
  4.023641235161160E-007  4.023641235167936E-007  4.023641235174757E-007
  4.023641235181624E-007  4.023641235188445E-007  4.023641235195266E-007
  1.362551236430929E-006  4.023641235110744E-007  4.023641235120985E-007
  4.023641235131214E-007  4.023641235141458E-007  4.023641235151718E-007
  4.023641235161927E-007  4.023641235172216E-007  4.023641235182448E-007
  4.023641235192703E-007  4.023641235202901E-007  4.023641235213156E-007
  4.023641235223411E-007  4.023641235233666E-007  4.023641235243898E-007
  1.362551236430698E-006  4.023641235097366E-007  4.023641235097364E-007
  4.023641235097361E-007  4.023641235097344E-007  4.023641235097361E-007
  4.023641235097315E-007  4.023641235097372E-007  4.023641235097349E-007
  4.023641235097349E-007  4.023641235097327E-007  4.023641235097372E-007
  4.023641235097349E-007  4.023641235097349E-007  4.023641235097327E-007
  1.362551236430351E-006  4.023641235070962E-007  4.023641235050472E-007
  4.023641235029965E-007  4.023641235009467E-007  4.023641234988997E-007
  4.023641234968454E-007  4.023641234948012E-007  4.023641234927525E-007
  4.023641234907027E-007  4.023641234886518E-007  4.023641234866030E-007
  4.023641234845543E-007  4.023641234825057E-007  4.023641234804525E-007
  1.362551236430929E-006  4.023641235114973E-007  4.023641235128633E-007
  4.023641235142276E-007  4.023641235155936E-007  4.023641235169607E-007
  4.023641235183227E-007  4.023641235196938E-007  4.023641235210592E-007
  4.023641235224258E-007  4.023641235237867E-007  4.023641235251555E-007
  4.023641235265197E-007  4.023641235278863E-007  4.023641235292529E-007
  1.362551236430929E-006  4.023641235106510E-007  4.023641235113339E-007
  4.023641235120151E-007  4.023641235126984E-007  4.023641235133817E-007
  4.023641235140605E-007  4.023641235147483E-007  4.023641235154316E-007
  4.023641235161148E-007  4.023641235167936E-007  4.023641235174802E-007
  4.023641235181601E-007  4.023641235188468E-007  4.023641235195266E-007
  1.362551236430929E-006  4.023641235098052E-007  4.023641235098050E-007
  4.023641235098039E-007  4.023641235098033E-007  4.023641235098050E-007
  4.023641235098005E-007  4.023641235098050E-007  4.023641235098039E-007
  4.023641235098039E-007  4.023641235098005E-007  4.023641235098050E-007
  4.023641235098005E-007  4.023641235098027E-007  4.023641235098005E-007
  1.362551236431161E-006  4.023641235098736E-007  4.023641235098733E-007
  4.023641235098716E-007  4.023641235098716E-007  4.023641235098727E-007
  4.023641235098682E-007  4.023641235098727E-007  4.023641235098727E-007
  4.023641235098727E-007  4.023641235098682E-007  4.023641235098727E-007
  4.023641235098682E-007  4.023641235098727E-007  4.023641235098682E-007
  4.614093959731539E-006  1.362551236430791E-006  1.362551236430792E-006
  1.362551236430787E-006  1.362551236430785E-006  1.362551236430785E-006
  1.362551236430783E-006  1.362551236430787E-006  1.362551236430783E-006
  1.362551236430783E-006  1.362551236430787E-006  1.362551236430783E-006
  1.362551236430783E-006  1.362551236430792E-006  1.362551236430774E-006
  1.362551236430814E-006  4.023641235098768E-007  4.023641235099623E-007
  4.023641235100461E-007  4.023641235101308E-007  4.023641235102183E-007
  4.023641235102974E-007  4.023641235103888E-007  4.023641235104724E-007
  4.023641235105583E-007  4.023641235106385E-007  4.023641235107310E-007
  4.023641235108101E-007  4.023641235109027E-007  4.023641235109840E-007
  1.362551236430640E-006  4.023641235097198E-007  4.023641235097200E-007
  4.023641235097186E-007  4.023641235097180E-007  4.023641235097192E-007
  4.023641235097158E-007  4.023641235097180E-007  4.023641235097180E-007
  4.023641235097203E-007  4.023641235097146E-007  4.023641235097192E-007
  4.023641235097146E-007  4.023641235097169E-007  4.023641235097146E-007
  1.362551236430929E-006  4.023641235106513E-007  4.023641235113339E-007
  4.023641235120157E-007  4.023641235126979E-007  4.023641235133828E-007
  4.023641235140616E-007  4.023641235147494E-007  4.023641235154316E-007
  4.023641235161148E-007  4.023641235167936E-007  4.023641235174780E-007
  4.023641235181624E-007  4.023641235188445E-007  4.023641235195266E-007
  1.362551236430698E-006  4.023641235093137E-007  4.023641235089721E-007
  4.023641235086299E-007  4.023641235082865E-007  4.023641235079472E-007
  4.023641235076004E-007  4.023641235072650E-007  4.023641235069228E-007
  4.023641235065806E-007  4.023641235062362E-007  4.023641235058973E-007
  4.023641235055563E-007  4.023641235052129E-007  4.023641235048696E-007
  1.362551236430813E-006  4.023641235106173E-007  4.023641235113000E-007
  4.023641235119813E-007  4.023641235126640E-007  4.023641235133490E-007
  4.023641235140277E-007  4.023641235147155E-007  4.023641235153977E-007
  4.023641235160809E-007  4.023641235167597E-007  4.023641235174441E-007
  4.023641235181262E-007  4.023641235188106E-007  4.023641235194928E-007
  1.362551236431161E-006  4.023641235107196E-007  4.023641235114025E-007
  4.023641235120835E-007  4.023641235127668E-007  4.023641235134506E-007
  4.023641235141293E-007  4.023641235148171E-007  4.023641235155004E-007
  4.023641235161837E-007  4.023641235168613E-007  4.023641235175480E-007
  4.023641235182279E-007  4.023641235189146E-007  4.023641235195944E-007
  1.362551236430698E-006  4.023641235088908E-007  4.023641235082075E-007
  4.023641235075231E-007  4.023641235068398E-007  4.023641235061582E-007
  4.023641235054704E-007  4.023641235047917E-007  4.023641235041084E-007
  4.023641235034251E-007  4.023641235027396E-007  4.023641235020597E-007
  4.023641235013730E-007  4.023641235006932E-007  4.023641235000065E-007
  1.362551236430235E-006  4.023641235070621E-007  4.023641235050130E-007
  4.023641235029615E-007  4.023641235009128E-007  4.023641234988658E-007
  4.023641234968115E-007  4.023641234947662E-007  4.023641234927186E-007
  4.023641234906688E-007  4.023641234886179E-007  4.023641234865669E-007
  4.023641234845182E-007  4.023641234824718E-007  4.023641234804186E-007
  1.362551236431392E-006  4.023641235116339E-007  4.023641235129997E-007
  4.023641235143637E-007  4.023641235157302E-007  4.023641235170962E-007
  4.023641235184583E-007  4.023641235198293E-007  4.023641235211959E-007
  4.023641235225624E-007  4.023641235239222E-007  4.023641235252932E-007
  4.023641235266553E-007  4.023641235280263E-007  4.023641235293884E-007
  1.362551236430698E-006  4.023641235097366E-007  4.023641235097366E-007
  4.023641235097338E-007  4.023641235097349E-007  4.023641235097349E-007
  4.023641235097304E-007  4.023641235097349E-007  4.023641235097372E-007
  4.023641235097372E-007  4.023641235097327E-007  4.023641235097327E-007
  4.023641235097327E-007  4.023641235097372E-007  4.023641235097327E-007
  1.362551236430236E-006  4.023641235053698E-007  4.023641235019544E-007
  4.023641234985372E-007  4.023641234951225E-007  4.023641234917090E-007
  4.023641234882881E-007  4.023641234848762E-007  4.023641234814633E-007
  4.023641234780469E-007  4.023641234746317E-007  4.023641234712164E-007
  4.023641234677989E-007  4.023641234643905E-007  4.023641234609662E-007
  1.362551236430698E-006  4.023641235114285E-007  4.023641235127942E-007
  4.023641235141587E-007  4.023641235155253E-007  4.023641235168918E-007
  4.023641235182527E-007  4.023641235196227E-007  4.023641235209903E-007
  4.023641235223557E-007  4.023641235237211E-007  4.023641235250899E-007
  4.023641235264520E-007  4.023641235278231E-007  4.023641235291828E-007
  1.362551236431623E-006  4.023641235184699E-007  4.023641235252997E-007
  4.023641235321294E-007  4.023641235389598E-007  4.023641235457880E-007
  4.023641235526151E-007  4.023641235594513E-007  4.023641235662806E-007
  4.023641235731122E-007  4.023641235799370E-007  4.023641235867766E-007
  4.023641235936003E-007  4.023641236004330E-007  4.023641236072635E-007
  1.362551236429310E-006  4.023641235008664E-007  4.023641234940358E-007
  4.023641234872039E-007  4.023641234803740E-007  4.023641234735452E-007
  4.023641234667102E-007  4.023641234598831E-007  4.023641234530538E-007
  4.023641234462222E-007  4.023641234393928E-007  4.023641234325623E-007
  4.023641234257319E-007  4.023641234189037E-007  4.023641234120686E-007
  4.614093959731531E-006  1.362551236430869E-006  1.362551236430932E-006
  1.362551236430991E-006  1.362551236431058E-006  1.362551236431117E-006
  1.362551236431180E-006  1.362551236431253E-006  1.362551236431307E-006
  1.362551236431370E-006  1.362551236431442E-006  1.362551236431497E-006
  1.362551236431569E-006  1.362551236431641E-006  1.362551236431677E-006
  1.362551236430756E-006  4.023641235093309E-007  4.023641235089895E-007
  4.023641235086462E-007  4.023641235083040E-007  4.023641235079652E-007
  4.023641235076185E-007  4.023641235072808E-007  4.023641235069397E-007
  4.023641235065987E-007  4.023641235062519E-007  4.023641235059131E-007
  4.023641235055721E-007  4.023641235052287E-007  4.023641235048877E-007
  1.362551236430698E-006  4.023641235093141E-007  4.023641235089726E-007
  4.023641235086293E-007  4.023641235082871E-007  4.023641235079483E-007
  4.023641235076016E-007  4.023641235072650E-007  4.023641235069240E-007
  4.023641235065818E-007  4.023641235062362E-007  4.023641235058951E-007
  4.023641235055540E-007  4.023641235052107E-007  4.023641235048696E-007
  1.362551236430929E-006  4.023641235106514E-007  4.023641235113341E-007
  4.023641235120151E-007  4.023641235126984E-007  4.023641235133828E-007
  4.023641235140627E-007  4.023641235147494E-007  4.023641235154316E-007
  4.023641235161160E-007  4.023641235167936E-007  4.023641235174757E-007
  4.023641235181624E-007  4.023641235188445E-007  4.023641235195266E-007
  1.362551236430467E-006  4.023641235096686E-007  4.023641235096686E-007
  4.023641235096666E-007  4.023641235096666E-007  4.023641235096683E-007
  4.023641235096638E-007  4.023641235096683E-007  4.023641235096683E-007
  4.023641235096683E-007  4.023641235096650E-007  4.023641235096650E-007
  4.023641235096650E-007  4.023641235096650E-007  4.023641235096650E-007
  1.362551236431161E-006  4.023641235115653E-007  4.023641235129311E-007
  4.023641235142954E-007  4.023641235156619E-007  4.023641235170274E-007
  4.023641235183894E-007  4.023641235197604E-007  4.023641235211270E-007
  4.023641235224935E-007  4.023641235238544E-007  4.023641235252255E-007
  4.023641235265875E-007  4.023641235279586E-007  4.023641235293206E-007
  1.362551236430467E-006  4.023641235088222E-007  4.023641235081389E-007
  4.023641235074547E-007  4.023641235067715E-007  4.023641235060893E-007
  4.023641235054015E-007  4.023641235047228E-007  4.023641235040395E-007
  4.023641235033562E-007  4.023641235026718E-007  4.023641235019919E-007
  4.023641235013053E-007  4.023641235006254E-007  4.023641234999387E-007
  1.362551236430929E-006  4.023641235106513E-007  4.023641235113341E-007
  4.023641235120157E-007  4.023641235126984E-007  4.023641235133828E-007
  4.023641235140616E-007  4.023641235147494E-007  4.023641235154316E-007
  4.023641235161148E-007  4.023641235167936E-007  4.023641235174802E-007
  4.023641235181601E-007  4.023641235188445E-007  4.023641235195266E-007
  1.362551236429773E-006  4.023641235060791E-007  4.023641235033466E-007
  4.023641235006136E-007  4.023641234978816E-007  4.023641234951502E-007
  4.023641234924137E-007  4.023641234896851E-007  4.023641234869531E-007
  4.023641234842201E-007  4.023641234814870E-007  4.023641234787584E-007
  4.023641234760230E-007  4.023641234732945E-007  4.023641234705591E-007
  1.362551236430698E-006  4.023641235080443E-007  4.023641235066780E-007
  4.023641235053106E-007  4.023641235039446E-007  4.023641235025781E-007
  4.023641235012082E-007  4.023641234998473E-007  4.023641234984807E-007
  4.023641234971153E-007  4.023641234957465E-007  4.023641234943845E-007
  4.023641234930157E-007  4.023641234916514E-007  4.023641234902826E-007
  1.362551236430236E-006  4.023641235079076E-007  4.023641235065414E-007
  4.023641235051740E-007  4.023641235038080E-007  4.023641235024426E-007
  4.023641235010715E-007  4.023641234997095E-007  4.023641234983440E-007
  4.023641234969775E-007  4.023641234956110E-007  4.023641234942467E-007
  4.023641234928779E-007  4.023641234915158E-007  4.023641234901448E-007
  1.362551236430698E-006  4.023641235148124E-007  4.023641235189103E-007
  4.023641235230074E-007  4.023641235271059E-007  4.023641235312033E-007
  4.023641235352973E-007  4.023641235394003E-007  4.023641235434988E-007
  4.023641235475973E-007  4.023641235516936E-007  4.023641235557955E-007
  4.023641235598906E-007  4.023641235639903E-007  4.023641235680876E-007
  1.362551236430236E-006  4.023641235062157E-007  4.023641235034833E-007
  4.023641235007496E-007  4.023641234980177E-007  4.023641234952868E-007
  4.023641234925492E-007  4.023641234898207E-007  4.023641234870898E-007
  4.023641234843567E-007  4.023641234816248E-007  4.023641234788939E-007
  4.023641234761586E-007  4.023641234734323E-007  4.023641234706924E-007
  1.362551236430698E-006  4.023641235046603E-007  4.023641235005619E-007
  4.023641234964619E-007  4.023641234923640E-007  4.023641234882655E-007
  4.023641234841636E-007  4.023641234800707E-007  4.023641234759722E-007
  4.023641234718748E-007  4.023641234677741E-007  4.023641234636789E-007
  4.023641234595793E-007  4.023641234554819E-007  4.023641234513800E-007
  1.362551236430698E-006  4.023641235131207E-007  4.023641235158522E-007
  4.023641235185836E-007  4.023641235213162E-007  4.023641235240476E-007
  4.023641235267761E-007  4.023641235295126E-007  4.023641235322446E-007
  4.023641235349765E-007  4.023641235377051E-007  4.023641235404450E-007
  4.023641235431713E-007  4.023641235459066E-007  4.023641235486375E-007
  4.614093959731572E-006  1.362551236430867E-006  1.362551236430921E-006
  1.362551236430968E-006  1.362551236431015E-006  1.362551236431076E-006
  1.362551236431131E-006  1.362551236431180E-006  1.362551236431239E-006
  1.362551236431289E-006  1.362551236431338E-006  1.362551236431397E-006
  1.362551236431451E-006  1.362551236431497E-006  1.362551236431560E-006
  1.362551236430929E-006  4.023641235100163E-007  4.023641235101873E-007
  4.023641235103561E-007  4.023641235105266E-007  4.023641235106994E-007
  4.023641235108666E-007  4.023641235110383E-007  4.023641235112088E-007
  4.023641235113827E-007  4.023641235115465E-007  4.023641235117227E-007
  4.023641235118943E-007  4.023641235120637E-007  4.023641235122354E-007
  1.362551236430813E-006  4.023641235101943E-007  4.023641235105357E-007
  4.023641235108750E-007  4.023641235112167E-007  4.023641235115600E-007
  4.023641235118977E-007  4.023641235122433E-007  4.023641235125844E-007
  4.023641235129266E-007  4.023641235132631E-007  4.023641235136042E-007
  4.023641235139475E-007  4.023641235142886E-007  4.023641235146297E-007
  1.362551236430698E-006  4.023641235105826E-007  4.023641235112655E-007
  4.023641235119463E-007  4.023641235126301E-007  4.023641235133128E-007
  4.023641235139916E-007  4.023641235146794E-007  4.023641235153638E-007
  4.023641235160470E-007  4.023641235167258E-007  4.023641235174102E-007
  4.023641235180923E-007  4.023641235187790E-007  4.023641235194589E-007
  1.362551236431161E-006  4.023641235090272E-007  4.023641235083441E-007
  4.023641235076592E-007  4.023641235069765E-007  4.023641235062938E-007
  4.023641235056060E-007  4.023641235049272E-007  4.023641235042462E-007
  4.023641235035629E-007  4.023641235028751E-007  4.023641235021952E-007
  4.023641235015086E-007  4.023641235008332E-007  4.023641235001443E-007
  1.362551236431392E-006  4.023641235082497E-007  4.023641235068833E-007
  4.023641235055162E-007  4.023641235041496E-007  4.023641235027848E-007
  4.023641235014137E-007  4.023641235000517E-007  4.023641234986862E-007
  4.023641234973197E-007  4.023641234959498E-007  4.023641234945900E-007
  4.023641234932167E-007  4.023641234918592E-007  4.023641234904858E-007
  1.362551236431161E-006  4.023641235098732E-007  4.023641235098727E-007
  4.023641235098716E-007  4.023641235098716E-007  4.023641235098716E-007
  4.023641235098671E-007  4.023641235098716E-007  4.023641235098716E-007
  4.023641235098716E-007  4.023641235098682E-007  4.023641235098750E-007
  4.023641235098682E-007  4.023641235098750E-007  4.023641235098682E-007
  1.362551236429773E-006  4.023641235043869E-007  4.023641235002886E-007
  4.023641234961887E-007  4.023641234920907E-007  4.023641234879945E-007
  4.023641234838903E-007  4.023641234797952E-007  4.023641234756989E-007
  4.023641234715993E-007  4.023641234675030E-007  4.023641234634034E-007
  4.023641234593038E-007  4.023641234552109E-007  4.023641234511045E-007
  1.362551236431161E-006  4.023641235132571E-007  4.023641235159889E-007
  4.023641235187203E-007  4.023641235214523E-007  4.023641235241831E-007
  4.023641235269117E-007  4.023641235296493E-007  4.023641235323801E-007
  4.023641235351132E-007  4.023641235378407E-007  4.023641235405805E-007
  4.023641235433068E-007  4.023641235460422E-007  4.023641235487730E-007
  1.362551236430698E-006  4.023641235080444E-007  4.023641235066780E-007
  4.023641235053106E-007  4.023641235039446E-007  4.023641235025792E-007
  4.023641235012082E-007  4.023641234998461E-007  4.023641234984807E-007
  4.023641234971141E-007  4.023641234957465E-007  4.023641234943845E-007
  4.023641234930134E-007  4.023641234916536E-007  4.023641234902803E-007
  1.362551236433011E-006  4.023641235256481E-007  4.023641235379420E-007
  4.023641235502361E-007  4.023641235625311E-007  4.023641235748255E-007
  4.023641235871143E-007  4.023641235994120E-007  4.023641236117087E-007
  4.023641236240020E-007  4.023641236362975E-007  4.023641236485941E-007
  4.023641236608840E-007  4.023641236731830E-007  4.023641236854773E-007
  1.362551236431161E-006  4.023641235132572E-007  4.023641235159889E-007
  4.023641235187197E-007  4.023641235214523E-007  4.023641235241842E-007
  4.023641235269117E-007  4.023641235296482E-007  4.023641235323812E-007
  4.023641235351132E-007  4.023641235378429E-007  4.023641235405805E-007
  4.023641235433068E-007  4.023641235460444E-007  4.023641235487708E-007
  1.362551236432086E-006  4.023641235084544E-007  4.023641235070880E-007
  4.023641235057206E-007  4.023641235043546E-007  4.023641235029892E-007
  4.023641235016181E-007  4.023641235002561E-007  4.023641234988907E-007
  4.023641234975241E-007  4.023641234961553E-007  4.023641234947933E-007
  4.023641234934245E-007  4.023641234920647E-007  4.023641234906914E-007
  1.362551236431623E-006  4.023641235167780E-007  4.023641235222417E-007
  4.023641235277045E-007  4.023641235331695E-007  4.023641235386346E-007
  4.023641235440940E-007  4.023641235495613E-007  4.023641235550275E-007
  4.023641235604903E-007  4.023641235659531E-007  4.023641235714215E-007
  4.023641235768832E-007  4.023641235823517E-007  4.023641235878110E-007
  1.362551236431623E-006  4.023641235133940E-007  4.023641235161255E-007
  4.023641235188564E-007  4.023641235215889E-007  4.023641235243220E-007
  4.023641235270495E-007  4.023641235297848E-007  4.023641235325179E-007
  4.023641235352487E-007  4.023641235379784E-007  4.023641235407160E-007
  4.023641235434446E-007  4.023641235461822E-007  4.023641235489085E-007
  4.614093959731582E-006  1.362551236430910E-006  1.362551236430995E-006
  1.362551236431074E-006  1.362551236431153E-006  1.362551236431246E-006
  1.362551236431334E-006  1.362551236431411E-006  1.362551236431501E-006
  1.362551236431587E-006  1.362551236431664E-006  1.362551236431754E-006
  1.362551236431840E-006  1.362551236431921E-006  1.362551236432021E-006
  1.362551236430929E-006  4.023641235102283E-007  4.023641235105696E-007
  4.023641235109095E-007  4.023641235112506E-007  4.023641235115939E-007
  4.023641235119316E-007  4.023641235122772E-007  4.023641235126182E-007
  4.023641235129604E-007  4.023641235132970E-007  4.023641235136381E-007
  4.023641235139837E-007  4.023641235143225E-007  4.023641235146636E-007
  1.362551236430813E-006  4.023641235101942E-007  4.023641235105354E-007
  4.023641235108756E-007  4.023641235112161E-007  4.023641235115600E-007
  4.023641235118966E-007  4.023641235122433E-007  4.023641235125844E-007
  4.023641235129254E-007  4.023641235132631E-007  4.023641235136065E-007
  4.023641235139475E-007  4.023641235142886E-007  4.023641235146297E-007
  1.362551236430698E-006  4.023641235097368E-007  4.023641235097366E-007
  4.023641235097349E-007  4.023641235097349E-007  4.023641235097361E-007
  4.023641235097315E-007  4.023641235097361E-007  4.023641235097361E-007
  4.023641235097361E-007  4.023641235097327E-007  4.023641235097349E-007
  4.023641235097327E-007  4.023641235097349E-007  4.023641235097327E-007
  1.362551236430929E-006  4.023641235106514E-007  4.023641235113345E-007
  4.023641235120151E-007  4.023641235126984E-007  4.023641235133828E-007
  4.023641235140616E-007  4.023641235147494E-007  4.023641235154327E-007
  4.023641235161160E-007  4.023641235167936E-007  4.023641235174780E-007
  4.023641235181601E-007  4.023641235188445E-007  4.023641235195266E-007
  1.362551236431161E-006  4.023641235081812E-007  4.023641235068147E-007
  4.023641235054473E-007  4.023641235040813E-007  4.023641235027159E-007
  4.023641235013448E-007  4.023641234999828E-007  4.023641234986174E-007
  4.023641234972508E-007  4.023641234958820E-007  4.023641234945222E-007
  4.023641234931489E-007  4.023641234917914E-007  4.023641234904158E-007
  1.362551236430698E-006  4.023641235080444E-007  4.023641235066780E-007
  4.023641235053106E-007  4.023641235039446E-007  4.023641235025792E-007
  4.023641235012082E-007  4.023641234998461E-007  4.023641234984807E-007
  4.023641234971141E-007  4.023641234957465E-007  4.023641234943845E-007
  4.023641234930134E-007  4.023641234916536E-007  4.023641234902803E-007
  1.362551236431623E-006  4.023641235100100E-007  4.023641235100094E-007
  4.023641235100083E-007  4.023641235100083E-007  4.023641235100094E-007
  4.023641235100038E-007  4.023641235100072E-007  4.023641235100083E-007
  4.023641235100072E-007  4.023641235100060E-007  4.023641235100105E-007
  4.023641235100038E-007  4.023641235100128E-007  4.023641235100038E-007
  1.362551236430698E-006  4.023641235114283E-007  4.023641235127942E-007
  4.023641235141593E-007  4.023641235155253E-007  4.023641235168907E-007
  4.023641235182527E-007  4.023641235196238E-007  4.023641235209892E-007
  4.023641235223557E-007  4.023641235237189E-007  4.023641235250899E-007
  4.023641235264520E-007  4.023641235278208E-007  4.023641235291851E-007
  1.362551236430235E-006  4.023641235045240E-007  4.023641235004252E-007
  4.023641234963259E-007  4.023641234922279E-007  4.023641234881311E-007
  4.023641234840281E-007  4.023641234799329E-007  4.023641234758356E-007
  4.023641234717359E-007  4.023641234676363E-007  4.023641234635434E-007
  4.023641234594393E-007  4.023641234553486E-007  4.023641234512422E-007
  1.362551236430698E-006  4.023641235097368E-007  4.023641235097361E-007
  4.023641235097349E-007  4.023641235097355E-007  4.023641235097361E-007
  4.023641235097315E-007  4.023641235097349E-007  4.023641235097361E-007
  4.023641235097349E-007  4.023641235097327E-007  4.023641235097395E-007
  4.023641235097327E-007  4.023641235097395E-007  4.023641235097327E-007
  1.362551236431623E-006  4.023641235167780E-007  4.023641235222417E-007
  4.023641235277045E-007  4.023641235331695E-007  4.023641235386335E-007
  4.023641235440929E-007  4.023641235495613E-007  4.023641235550275E-007
  4.023641235604914E-007  4.023641235659531E-007  4.023641235714238E-007
  4.023641235768809E-007  4.023641235823517E-007  4.023641235878088E-007
  1.362551236431623E-006  4.023641235066259E-007  4.023641235038933E-007
  4.023641235011602E-007  4.023641234984282E-007  4.023641234956968E-007
  4.023641234929603E-007  4.023641234902317E-007  4.023641234874998E-007
  4.023641234847667E-007  4.023641234820313E-007  4.023641234793050E-007
  4.023641234765697E-007  4.023641234738433E-007  4.023641234711057E-007
  1.362551236432548E-006  4.023641235238193E-007  4.023641235347473E-007
  4.023641235456740E-007  4.023641235566035E-007  4.023641235675320E-007
  4.023641235784553E-007  4.023641235893877E-007  4.023641236003189E-007
  4.023641236112468E-007  4.023641236221735E-007  4.023641236331059E-007
  4.023641236440315E-007  4.023641236549638E-007  4.023641236658872E-007
  1.362551236428848E-006  4.023641235091905E-007  4.023641235091894E-007
  4.023641235091889E-007  4.023641235091894E-007  4.023641235091906E-007
  4.023641235091872E-007  4.023641235091883E-007  4.023641235091906E-007
  4.023641235091872E-007  4.023641235091883E-007  4.023641235091906E-007
  4.023641235091883E-007  4.023641235091928E-007  4.023641235091883E-007
  4.614093959731517E-006  1.362551236430759E-006  1.362551236430738E-006
  1.362551236430706E-006  1.362551236430686E-006  1.362551236430668E-006
  1.362551236430647E-006  1.362551236430625E-006  1.362551236430602E-006
  1.362551236430584E-006  1.362551236430561E-006  1.362551236430539E-006
  1.362551236430530E-006  1.362551236430503E-006  1.362551236430485E-006
  1.362551236430813E-006  4.023641235089251E-007  4.023641235082419E-007
  4.023641235075581E-007  4.023641235068731E-007  4.023641235061932E-007
  4.023641235055043E-007  4.023641235048267E-007  4.023641235041445E-007
  4.023641235034601E-007  4.023641235027735E-007  4.023641235020913E-007
  4.023641235014115E-007  4.023641235007225E-007  4.023641235000404E-007
  1.362551236430467E-006  4.023641235079767E-007  4.023641235066105E-007
  4.023641235052423E-007  4.023641235038763E-007  4.023641235025126E-007
  4.023641235011415E-007  4.023641234997795E-007  4.023641234984141E-007
  4.023641234970475E-007  4.023641234956787E-007  4.023641234943122E-007
  4.023641234929456E-007  4.023641234915813E-007  4.023641234902125E-007
  1.362551236430698E-006  4.023641235097372E-007  4.023641235097372E-007
  4.023641235097349E-007  4.023641235097349E-007  4.023641235097372E-007
  4.023641235097327E-007  4.023641235097372E-007  4.023641235097372E-007
  4.023641235097372E-007  4.023641235097327E-007  4.023641235097327E-007
  4.023641235097327E-007  4.023641235097327E-007  4.023641235097327E-007
  1.362551236429773E-006  4.023641235060789E-007  4.023641235033466E-007
  4.023641235006130E-007  4.023641234978810E-007  4.023641234951502E-007
  4.023641234924126E-007  4.023641234896840E-007  4.023641234869531E-007
  4.023641234842201E-007  4.023641234814892E-007  4.023641234787561E-007
  4.023641234760230E-007  4.023641234732945E-007  4.023641234705569E-007
  1.362551236430236E-006  4.023641235062155E-007  4.023641235034833E-007
  4.023641235007496E-007  4.023641234980177E-007  4.023641234952857E-007
  4.023641234925492E-007  4.023641234898218E-007  4.023641234870898E-007
  4.023641234843578E-007  4.023641234816248E-007  4.023641234788939E-007
  4.023641234761608E-007  4.023641234734300E-007  4.023641234706947E-007
  1.362551236430236E-006  4.023641235112917E-007  4.023641235126575E-007
  4.023641235140221E-007  4.023641235153886E-007  4.023641235167551E-007
  4.023641235181161E-007  4.023641235194860E-007  4.023641235208537E-007
  4.023641235222191E-007  4.023641235235856E-007  4.023641235249522E-007
  4.023641235263165E-007  4.023641235276853E-007  4.023641235290473E-007
  1.362551236431161E-006  4.023641235031049E-007  4.023641234976405E-007
  4.023641234921742E-007  4.023641234867104E-007  4.023641234812464E-007
  4.023641234757780E-007  4.023641234703186E-007  4.023641234648546E-007
  4.023641234593907E-007  4.023641234539256E-007  4.023641234484617E-007
  4.023641234429978E-007  4.023641234375338E-007  4.023641234320654E-007
  1.362551236432086E-006  4.023641235152228E-007  4.023641235193203E-007
  4.023641235234174E-007  4.023641235275159E-007  4.023641235316144E-007
  4.023641235357072E-007  4.023641235398092E-007  4.023641235439088E-007
  4.023641235480062E-007  4.023641235521024E-007  4.023641235562066E-007
  4.023641235602972E-007  4.023641235644036E-007  4.023641235684942E-007
  1.362551236432548E-006  4.023641235170512E-007  4.023641235225150E-007
  4.023641235279778E-007  4.023641235334423E-007  4.023641235389068E-007
  4.023641235443662E-007  4.023641235498346E-007  4.023641235552997E-007
  4.023641235607636E-007  4.023641235662241E-007  4.023641235716949E-007
  4.023641235771543E-007  4.023641235826250E-007  4.023641235880821E-007
  1.362551236429773E-006  4.023641235060796E-007  4.023641235033466E-007
  4.023641235006136E-007  4.023641234978821E-007  4.023641234951513E-007
  4.023641234924148E-007  4.023641234896851E-007  4.023641234869543E-007
  4.023641234842201E-007  4.023641234814870E-007  4.023641234787606E-007
  4.023641234760230E-007  4.023641234732967E-007  4.023641234705591E-007
  1.362551236431623E-006  4.023641235100100E-007  4.023641235100094E-007
  4.023641235100083E-007  4.023641235100088E-007  4.023641235100094E-007
  4.023641235100049E-007  4.023641235100083E-007  4.023641235100094E-007
  4.023641235100083E-007  4.023641235100060E-007  4.023641235100105E-007
  4.023641235100083E-007  4.023641235100128E-007  4.023641235100083E-007
  1.362551236429773E-006  4.023641235026956E-007  4.023641234972305E-007
  4.023641234917655E-007  4.023641234863015E-007  4.023641234808387E-007
  4.023641234753703E-007  4.023641234699086E-007  4.023641234644447E-007
  4.023641234589785E-007  4.023641234535123E-007  4.023641234480552E-007
  4.023641234425844E-007  4.023641234371273E-007  4.023641234316566E-007
  1.362551236429773E-006  4.023641235094636E-007  4.023641235094628E-007
  4.023641235094617E-007  4.023641235094628E-007  4.023641235094639E-007
  4.023641235094594E-007  4.023641235094617E-007  4.023641235094639E-007
  4.023641235094617E-007  4.023641235094617E-007  4.023641235094662E-007
  4.023641235094617E-007  4.023641235094662E-007  4.023641235094617E-007
  1.362551236430698E-006  4.023641235097368E-007  4.023641235097361E-007
  4.023641235097349E-007  4.023641235097361E-007  4.023641235097361E-007
  4.023641235097315E-007  4.023641235097349E-007  4.023641235097372E-007
  4.023641235097361E-007  4.023641235097349E-007  4.023641235097395E-007
  4.023641235097349E-007  4.023641235097395E-007  4.023641235097349E-007
  4.614093959731517E-006  1.362551236430759E-006  1.362551236430738E-006
  1.362551236430711E-006  1.362551236430683E-006  1.362551236430668E-006
  1.362551236430647E-006  1.362551236430625E-006  1.362551236430602E-006
  1.362551236430584E-006  1.362551236430561E-006  1.362551236430539E-006
  1.362551236430521E-006  1.362551236430494E-006  1.362551236430476E-006
  1.362551236430814E-006  4.023641235097709E-007  4.023641235097708E-007
  4.023641235097694E-007  4.023641235097688E-007  4.023641235097700E-007
  4.023641235097666E-007  4.023641235097711E-007  4.023641235097700E-007
  4.023641235097711E-007  4.023641235097666E-007  4.023641235097666E-007
  4.023641235097711E-007  4.023641235097688E-007  4.023641235097666E-007
  1.362551236430929E-006  4.023641235106514E-007  4.023641235113345E-007
  4.023641235120151E-007  4.023641235126984E-007  4.023641235133828E-007
  4.023641235140616E-007  4.023641235147494E-007  4.023641235154327E-007
  4.023641235161160E-007  4.023641235167936E-007  4.023641235174780E-007
  4.023641235181601E-007  4.023641235188445E-007  4.023641235195266E-007
  1.362551236430929E-006  4.023641235123430E-007  4.023641235143919E-007
  4.023641235164395E-007  4.023641235184888E-007  4.023641235205375E-007
  4.023641235225827E-007  4.023641235246371E-007  4.023641235266858E-007
  4.023641235287356E-007  4.023641235307798E-007  4.023641235328330E-007
  4.023641235348794E-007  4.023641235369304E-007  4.023641235389791E-007
  1.362551236429773E-006  4.023641235026952E-007  4.023641234972305E-007
  4.023641234917649E-007  4.023641234863009E-007  4.023641234808387E-007
  4.023641234753691E-007  4.023641234699074E-007  4.023641234644447E-007
  4.023641234589785E-007  4.023641234535146E-007  4.023641234480529E-007
  4.023641234425844E-007  4.023641234371273E-007  4.023641234316543E-007
  1.362551236431623E-006  4.023641235150858E-007  4.023641235191836E-007
  4.023641235232813E-007  4.023641235273792E-007  4.023641235314766E-007
  4.023641235355706E-007  4.023641235396736E-007  4.023641235437710E-007
  4.023641235478695E-007  4.023641235519646E-007  4.023641235560688E-007
  4.023641235601617E-007  4.023641235642635E-007  4.023641235683609E-007
  1.362551236431161E-006  4.023641235132571E-007  4.023641235159889E-007
  4.023641235187197E-007  4.023641235214523E-007  4.023641235241831E-007
  4.023641235269117E-007  4.023641235296493E-007  4.023641235323812E-007
  4.023641235351143E-007  4.023641235378429E-007  4.023641235405805E-007
  4.023641235433091E-007  4.023641235460422E-007  4.023641235487730E-007
  1.362551236430698E-006  4.023641235063527E-007  4.023641235036199E-007
  4.023641235008868E-007  4.023641234981549E-007  4.023641234954235E-007
  4.023641234926870E-007  4.023641234899584E-007  4.023641234872265E-007
  4.023641234844934E-007  4.023641234817580E-007  4.023641234790340E-007
  4.023641234762941E-007  4.023641234735700E-007  4.023641234708302E-007
  1.362551236429773E-006  4.023641235128477E-007  4.023641235155789E-007
  4.023641235183098E-007  4.023641235210434E-007  4.023641235237765E-007
  4.023641235265040E-007  4.023641235292382E-007  4.023641235319735E-007
  4.023641235347032E-007  4.023641235374363E-007  4.023641235401717E-007
  4.023641235429002E-007  4.023641235456356E-007  4.023641235483642E-007
  1.362551236431623E-006  4.023641235201621E-007  4.023641235283578E-007
  4.023641235365526E-007  4.023641235447502E-007  4.023641235529472E-007
  4.023641235611386E-007  4.023641235693378E-007  4.023641235775371E-007
  4.023641235857319E-007  4.023641235939278E-007  4.023641236021271E-007
  4.023641236103218E-007  4.023641236185211E-007  4.023641236267136E-007
  1.362551236430698E-006  4.023641235097368E-007  4.023641235097361E-007
  4.023641235097349E-007  4.023641235097355E-007  4.023641235097361E-007
  4.023641235097315E-007  4.023641235097349E-007  4.023641235097361E-007
  4.023641235097349E-007  4.023641235097327E-007  4.023641235097395E-007
  4.023641235097327E-007  4.023641235097395E-007  4.023641235097327E-007
  1.362551236432548E-006  4.023641235102831E-007  4.023641235102827E-007
  4.023641235102816E-007  4.023641235102816E-007  4.023641235102816E-007
  4.023641235102770E-007  4.023641235102816E-007  4.023641235102816E-007
  4.023641235102816E-007  4.023641235102770E-007  4.023641235102838E-007
  4.023641235102793E-007  4.023641235102861E-007  4.023641235102793E-007
  1.362551236431623E-006  4.023641235066259E-007  4.023641235038933E-007
  4.023641235011602E-007  4.023641234984282E-007  4.023641234956968E-007
  4.023641234929603E-007  4.023641234902317E-007  4.023641234874998E-007
  4.023641234847667E-007  4.023641234820313E-007  4.023641234793050E-007
  4.023641234765697E-007  4.023641234738433E-007  4.023641234711057E-007
  1.362551236428848E-006  4.023641235091905E-007  4.023641235091894E-007
  4.023641235091889E-007  4.023641235091894E-007  4.023641235091906E-007
  4.023641235091872E-007  4.023641235091883E-007  4.023641235091906E-007
  4.023641235091872E-007  4.023641235091883E-007  4.023641235091906E-007
  4.023641235091883E-007  4.023641235091928E-007  4.023641235091883E-007
  1.362551236428848E-006  4.023641234956543E-007  4.023641234847249E-007
  4.023641234737959E-007  4.023641234628681E-007  4.023641234519413E-007
  4.023641234410090E-007  4.023641234300822E-007  4.023641234191544E-007
  4.023641234082231E-007  4.023641233972942E-007  4.023641233863708E-007
  4.023641233754384E-007  4.023641233645151E-007  4.023641233535827E-007
  4.614093959731510E-006  1.362551236430941E-006  1.362551236431070E-006
  1.362551236431189E-006  1.362551236431320E-006  1.362551236431447E-006
  1.362551236431578E-006  1.362551236431704E-006  1.362551236431831E-006
  1.362551236431957E-006  1.362551236432093E-006  1.362551236432210E-006
  1.362551236432364E-006  1.362551236432472E-006  1.362551236432599E-006
  1.362551236430582E-006  4.023641235088567E-007  4.023641235081739E-007
  4.023641235074892E-007  4.023641235068054E-007  4.023641235061244E-007
  4.023641235054366E-007  4.023641235047589E-007  4.023641235040756E-007
  4.023641235033924E-007  4.023641235027057E-007  4.023641235020235E-007
  4.023641235013414E-007  4.023641235006570E-007  4.023641234999726E-007
  1.362551236430235E-006  4.023641235062161E-007  4.023641235034838E-007
  4.023641235007496E-007  4.023641234980177E-007  4.023641234952868E-007
  4.023641234925503E-007  4.023641234898218E-007  4.023641234870909E-007
  4.023641234843578E-007  4.023641234816225E-007  4.023641234788939E-007
  4.023641234761586E-007  4.023641234734300E-007  4.023641234706947E-007
  1.362551236430698E-006  4.023641235097365E-007  4.023641235097361E-007
  4.023641235097344E-007  4.023641235097349E-007  4.023641235097361E-007
  4.023641235097304E-007  4.023641235097338E-007  4.023641235097361E-007
  4.023641235097349E-007  4.023641235097349E-007  4.023641235097372E-007
  4.023641235097327E-007  4.023641235097395E-007  4.023641235097304E-007
  1.362551236430236E-006  4.023641235062157E-007  4.023641235034833E-007
  4.023641235007496E-007  4.023641234980177E-007  4.023641234952868E-007
  4.023641234925492E-007  4.023641234898207E-007  4.023641234870898E-007
  4.023641234843567E-007  4.023641234816248E-007  4.023641234788939E-007
  4.023641234761586E-007  4.023641234734323E-007  4.023641234706924E-007
  1.362551236432086E-006  4.023641235202987E-007  4.023641235284945E-007
  4.023641235366898E-007  4.023641235448868E-007  4.023641235530827E-007
  4.023641235612741E-007  4.023641235694745E-007  4.023641235776726E-007
  4.023641235858685E-007  4.023641235940633E-007  4.023641236022648E-007
  4.023641236104551E-007  4.023641236186566E-007  4.023641236268491E-007
  1.362551236430236E-006  4.023641235079076E-007  4.023641235065414E-007
  4.023641235051740E-007  4.023641235038080E-007  4.023641235024426E-007
  4.023641235010715E-007  4.023641234997095E-007  4.023641234983440E-007
  4.023641234969775E-007  4.023641234956110E-007  4.023641234942467E-007
  4.023641234928779E-007  4.023641234915158E-007  4.023641234901448E-007
  1.362551236429773E-006  4.023641235026956E-007  4.023641234972305E-007
  4.023641234917655E-007  4.023641234863021E-007  4.023641234808387E-007
  4.023641234753703E-007  4.023641234699086E-007  4.023641234644458E-007
  4.023641234589796E-007  4.023641234535146E-007  4.023641234480552E-007
  4.023641234425867E-007  4.023641234371273E-007  4.023641234316588E-007
  1.362551236430698E-006  4.023641235131208E-007  4.023641235158522E-007
  4.023641235185830E-007  4.023641235213162E-007  4.023641235240487E-007
  4.023641235267761E-007  4.023641235295115E-007  4.023641235322457E-007
  4.023641235349765E-007  4.023641235377074E-007  4.023641235404450E-007
  4.023641235431713E-007  4.023641235459089E-007  4.023641235486352E-007
  1.362551236429773E-006  4.023641235026956E-007  4.023641234972305E-007
  4.023641234917655E-007  4.023641234863015E-007  4.023641234808387E-007
  4.023641234753703E-007  4.023641234699086E-007  4.023641234644447E-007
  4.023641234589785E-007  4.023641234535123E-007  4.023641234480552E-007
  4.023641234425844E-007  4.023641234371273E-007  4.023641234316566E-007
  1.362551236430698E-006  4.023641235063527E-007  4.023641235036199E-007
  4.023641235008868E-007  4.023641234981549E-007  4.023641234954246E-007
  4.023641234926881E-007  4.023641234899584E-007  4.023641234872265E-007
  4.023641234844922E-007  4.023641234817580E-007  4.023641234790317E-007
  4.023641234762964E-007  4.023641234735700E-007  4.023641234708324E-007
  1.362551236435324E-006  4.023641235246388E-007  4.023641235355672E-007
  4.023641235464939E-007  4.023641235574241E-007  4.023641235683519E-007
  4.023641235792752E-007  4.023641235902076E-007  4.023641236011377E-007
  4.023641236120656E-007  4.023641236229957E-007  4.023641236339235E-007
  4.023641236448514E-007  4.023641236557792E-007  4.023641236667071E-007
  1.362551236427922E-006  4.023641234953806E-007  4.023641234844522E-007
  4.023641234735226E-007  4.023641234625942E-007  4.023641234516669E-007
  4.023641234407345E-007  4.023641234298089E-007  4.023641234188800E-007
  4.023641234079521E-007  4.023641233970231E-007  4.023641233860975E-007
  4.023641233751674E-007  4.023641233642418E-007  4.023641233533072E-007
  1.362551236427922E-006  4.023641235021486E-007  4.023641234966844E-007
  4.023641234912194E-007  4.023641234857543E-007  4.023641234802910E-007
  4.023641234748236E-007  4.023641234693620E-007  4.023641234638969E-007
  4.023641234584330E-007  4.023641234529680E-007  4.023641234475063E-007
  4.023641234420401E-007  4.023641234365807E-007  4.023641234311077E-007
  1.362551236433474E-006  4.023641235240925E-007  4.023641235350206E-007
  4.023641235459479E-007  4.023641235568763E-007  4.023641235678041E-007
  4.023641235787286E-007  4.023641235896610E-007  4.023641236005900E-007
  4.023641236115178E-007  4.023641236224445E-007  4.023641236333769E-007
  4.023641236443003E-007  4.023641236552349E-007  4.023641236661560E-007
  4.614093959731539E-006  1.362551236430633E-006  1.362551236430505E-006
  1.362551236430372E-006  1.362551236430236E-006  1.362551236430117E-006
  1.362551236429988E-006  1.362551236429861E-006  1.362551236429730E-006
  1.362551236429604E-006  1.362551236429477E-006  1.362551236429351E-006
  1.362551236429220E-006  1.362551236429093E-006  1.362551236428967E-006
  1.362551236430929E-006  4.023641235114973E-007  4.023641235128628E-007
  4.023641235142276E-007  4.023641235155930E-007  4.023641235169607E-007
  4.023641235183227E-007  4.023641235196938E-007  4.023641235210581E-007
  4.023641235224247E-007  4.023641235237867E-007  4.023641235251555E-007
  4.023641235265197E-007  4.023641235278885E-007  4.023641235292529E-007
  1.362551236430467E-006  4.023641235071306E-007  4.023641235050813E-007
  4.023641235030304E-007  4.023641235009812E-007  4.023641234989347E-007
  4.023641234968804E-007  4.023641234948351E-007  4.023641234927864E-007
  4.023641234907366E-007  4.023641234886856E-007  4.023641234866369E-007
  4.023641234845860E-007  4.023641234825396E-007  4.023641234804864E-007
  1.362551236430698E-006  4.023641235114283E-007  4.023641235127942E-007
  4.023641235141593E-007  4.023641235155253E-007  4.023641235168907E-007
  4.023641235182527E-007  4.023641235196238E-007  4.023641235209892E-007
  4.023641235223557E-007  4.023641235237189E-007  4.023641235250899E-007
  4.023641235264520E-007  4.023641235278208E-007  4.023641235291851E-007
  1.362551236429310E-006  4.023641235008665E-007  4.023641234940358E-007
  4.023641234872039E-007  4.023641234803740E-007  4.023641234735463E-007
  4.023641234667102E-007  4.023641234598820E-007  4.023641234530538E-007
  4.023641234462210E-007  4.023641234393928E-007  4.023641234325623E-007
  4.023641234257296E-007  4.023641234189059E-007  4.023641234120664E-007
  1.362551236431623E-006  4.023641235167779E-007  4.023641235222417E-007
  4.023641235277051E-007  4.023641235331695E-007  4.023641235386323E-007
  4.023641235440929E-007  4.023641235495624E-007  4.023641235550264E-007
  4.023641235604914E-007  4.023641235659508E-007  4.023641235714238E-007
  4.023641235768809E-007  4.023641235823494E-007  4.023641235878110E-007
  1.362551236428848E-006  4.023641235058064E-007  4.023641235030733E-007
  4.023641235003402E-007  4.023641234976094E-007  4.023641234948791E-007
  4.023641234921426E-007  4.023641234894118E-007  4.023641234866821E-007
  4.023641234839468E-007  4.023641234812159E-007  4.023641234784874E-007
  4.023641234757520E-007  4.023641234730234E-007  4.023641234702881E-007
  1.362551236428848E-006  4.023641235091905E-007  4.023641235091894E-007
  4.023641235091883E-007  4.023641235091900E-007  4.023641235091917E-007
  4.023641235091872E-007  4.023641235091883E-007  4.023641235091917E-007
  4.023641235091883E-007  4.023641235091906E-007  4.023641235091928E-007
  4.023641235091906E-007  4.023641235091928E-007  4.023641235091906E-007
  1.362551236429773E-006  4.023641235060793E-007  4.023641235033469E-007
  4.023641235006136E-007  4.023641234978816E-007  4.023641234951502E-007
  4.023641234924137E-007  4.023641234896851E-007  4.023641234869531E-007
  4.023641234842212E-007  4.023641234814870E-007  4.023641234787606E-007
  4.023641234760230E-007  4.023641234732967E-007  4.023641234705569E-007
  1.362551236431623E-006  4.023641235201621E-007  4.023641235283578E-007
  4.023641235365526E-007  4.023641235447502E-007  4.023641235529461E-007
  4.023641235611374E-007  4.023641235693378E-007  4.023641235775371E-007
  4.023641235857330E-007  4.023641235939278E-007  4.023641236021293E-007
  4.023641236103196E-007  4.023641236185211E-007  4.023641236267114E-007
  1.362551236430698E-006  4.023641234962006E-007  4.023641234852715E-007
  4.023641234743425E-007  4.023641234634147E-007  4.023641234524857E-007
  4.023641234415533E-007  4.023641234306288E-007  4.023641234197010E-007
  4.023641234087720E-007  4.023641233978408E-007  4.023641233869174E-007
  4.023641233759850E-007  4.023641233650617E-007  4.023641233541294E-007
  1.362551236429773E-006  4.023641235128474E-007  4.023641235155792E-007
  4.023641235183103E-007  4.023641235210423E-007  4.023641235237742E-007
  4.023641235265028E-007  4.023641235292382E-007  4.023641235319712E-007
  4.023641235347032E-007  4.023641235374341E-007  4.023641235401694E-007
  4.023641235428980E-007  4.023641235456356E-007  4.023641235483596E-007
  1.362551236433474E-006  4.023641235037879E-007  4.023641234983237E-007
  4.023641234928575E-007  4.023641234873942E-007  4.023641234819297E-007
  4.023641234764613E-007  4.023641234710018E-007  4.023641234655379E-007
  4.023641234600740E-007  4.023641234546078E-007  4.023641234491461E-007
  4.023641234436799E-007  4.023641234382183E-007  4.023641234327521E-007
  1.362551236429773E-006  4.023641235229995E-007  4.023641235339276E-007
  4.023641235448558E-007  4.023641235557830E-007  4.023641235667098E-007
  4.023641235776365E-007  4.023641235885678E-007  4.023641235994979E-007
  4.023641236104257E-007  4.023641236213536E-007  4.023641236322814E-007
  4.023641236432093E-007  4.023641236541439E-007  4.023641236650627E-007
  1.362551236431623E-006  4.023641235303142E-007  4.023641235467062E-007
  4.023641235630986E-007  4.023641235794904E-007  4.023641235958805E-007
  4.023641236122711E-007  4.023641236286674E-007  4.023641236450626E-007
  4.023641236614544E-007  4.023641236778450E-007  4.023641236942390E-007
  4.023641237106286E-007  4.023641237270294E-007  4.023641237434122E-007
  4.614093959731524E-006  1.362551236430576E-006  1.362551236430406E-006
  1.362551236430227E-006  1.362551236430051E-006  1.362551236429888E-006
  1.362551236429717E-006  1.362551236429545E-006  1.362551236429373E-006
  1.362551236429206E-006  1.362551236429034E-006  1.362551236428867E-006
  1.362551236428696E-006  1.362551236428524E-006  1.362551236428362E-006
  1.362551236431045E-006  4.023641235111084E-007  4.023641235121326E-007
  4.023641235131558E-007  4.023641235141802E-007  4.023641235152057E-007
  4.023641235162266E-007  4.023641235172555E-007  4.023641235182787E-007
  4.023641235193042E-007  4.023641235203240E-007  4.023641235213517E-007
  4.023641235223749E-007  4.023641235234004E-007  4.023641235244237E-007
  1.362551236431161E-006  4.023641235124113E-007  4.023641235144603E-007
  4.023641235165073E-007  4.023641235185571E-007  4.023641235206052E-007
  4.023641235226505E-007  4.023641235247049E-007  4.023641235267547E-007
  4.023641235288045E-007  4.023641235308476E-007  4.023641235329008E-007
  4.023641235349472E-007  4.023641235370004E-007  4.023641235390468E-007
  1.362551236431161E-006  4.023641235098732E-007  4.023641235098727E-007
  4.023641235098716E-007  4.023641235098716E-007  4.023641235098716E-007
  4.023641235098671E-007  4.023641235098716E-007  4.023641235098716E-007
  4.023641235098716E-007  4.023641235098682E-007  4.023641235098750E-007
  4.023641235098682E-007  4.023641235098750E-007  4.023641235098682E-007
  1.362551236430235E-006  4.023641235045240E-007  4.023641235004252E-007
  4.023641234963259E-007  4.023641234922279E-007  4.023641234881311E-007
  4.023641234840281E-007  4.023641234799329E-007  4.023641234758356E-007
  4.023641234717359E-007  4.023641234676363E-007  4.023641234635434E-007
  4.023641234594393E-007  4.023641234553486E-007  4.023641234512422E-007
  1.362551236432548E-006  4.023641235136672E-007  4.023641235163989E-007
  4.023641235191297E-007  4.023641235218616E-007  4.023641235245942E-007
  4.023641235273216E-007  4.023641235300581E-007  4.023641235327901E-007
  4.023641235355220E-007  4.023641235382495E-007  4.023641235409893E-007
  4.023641235437157E-007  4.023641235464555E-007  4.023641235491796E-007
  1.362551236429773E-006  4.023641235060796E-007  4.023641235033466E-007
  4.023641235006136E-007  4.023641234978821E-007  4.023641234951513E-007
  4.023641234924148E-007  4.023641234896851E-007  4.023641234869543E-007
  4.023641234842201E-007  4.023641234814870E-007  4.023641234787606E-007
  4.023641234760230E-007  4.023641234732967E-007  4.023641234705591E-007
  1.362551236429773E-006  4.023641235162317E-007  4.023641235216950E-007
  4.023641235271590E-007  4.023641235326229E-007  4.023641235380868E-007
  4.023641235435485E-007  4.023641235490147E-007  4.023641235544809E-007
  4.023641235599425E-007  4.023641235654065E-007  4.023641235708727E-007
  4.023641235763343E-007  4.023641235818051E-007  4.023641235872622E-007
  1.362551236428848E-006  4.023641235125745E-007  4.023641235153056E-007
  4.023641235180364E-007  4.023641235207707E-007  4.023641235235043E-007
  4.023641235262318E-007  4.023641235289649E-007  4.023641235317014E-007
  4.023641235344299E-007  4.023641235371653E-007  4.023641235398984E-007
  4.023641235426292E-007  4.023641235453623E-007  4.023641235480931E-007
  1.362551236432548E-006  4.023641235136672E-007  4.023641235163989E-007
  4.023641235191297E-007  4.023641235218616E-007  4.023641235245942E-007
  4.023641235273216E-007  4.023641235300581E-007  4.023641235327901E-007
  4.023641235355220E-007  4.023641235382495E-007  4.023641235409893E-007
  4.023641235437157E-007  4.023641235464555E-007  4.023641235491796E-007
  1.362551236431623E-006  4.023641235100100E-007  4.023641235100094E-007
  4.023641235100083E-007  4.023641235100083E-007  4.023641235100083E-007
  4.023641235100038E-007  4.023641235100083E-007  4.023641235100083E-007
  4.023641235100083E-007  4.023641235100038E-007  4.023641235100128E-007
  4.023641235100038E-007  4.023641235100128E-007  4.023641235100038E-007
  1.362551236431623E-006  4.023641235167780E-007  4.023641235222417E-007
  4.023641235277051E-007  4.023641235331690E-007  4.023641235386323E-007
  4.023641235440929E-007  4.023641235495613E-007  4.023641235550264E-007
  4.023641235604903E-007  4.023641235659508E-007  4.023641235714215E-007
  4.023641235768787E-007  4.023641235823517E-007  4.023641235878065E-007
  1.362551236433474E-006  4.023641235173242E-007  4.023641235227883E-007
  4.023641235282511E-007  4.023641235337156E-007  4.023641235391790E-007
  4.023641235446395E-007  4.023641235501079E-007  4.023641235555730E-007
  4.023641235610369E-007  4.023641235664997E-007  4.023641235719659E-007
  4.023641235774276E-007  4.023641235828960E-007  4.023641235883554E-007
  1.362551236427922E-006  4.023641235021486E-007  4.023641234966844E-007
  4.023641234912194E-007  4.023641234857543E-007  4.023641234802910E-007
  4.023641234748236E-007  4.023641234693620E-007  4.023641234638969E-007
  4.023641234584330E-007  4.023641234529680E-007  4.023641234475063E-007
  4.023641234420401E-007  4.023641234365807E-007  4.023641234311077E-007
  1.362551236427922E-006  4.023641234953807E-007  4.023641234844519E-007
  4.023641234735226E-007  4.023641234625942E-007  4.023641234516646E-007
  4.023641234407334E-007  4.023641234298089E-007  4.023641234188811E-007
  4.023641234079532E-007  4.023641233970208E-007  4.023641233860975E-007
  4.023641233751651E-007  4.023641233642418E-007  4.023641233533094E-007
  4.614093959731467E-006  1.362551236430663E-006  1.362551236430579E-006
  1.362551236430485E-006  1.362551236430399E-006  1.362551236430318E-006
  1.362551236430232E-006  1.362551236430141E-006  1.362551236430060E-006
  1.362551236429979E-006  1.362551236429888E-006  1.362551236429807E-006
  1.362551236429726E-006  1.362551236429635E-006  1.362551236429563E-006
  1.362551236430698E-006  4.023641235088909E-007  4.023641235082077E-007
  4.023641235075225E-007  4.023641235068398E-007  4.023641235061582E-007
  4.023641235054704E-007  4.023641235047917E-007  4.023641235041095E-007
  4.023641235034262E-007  4.023641235027396E-007  4.023641235020574E-007
  4.023641235013730E-007  4.023641235006932E-007  4.023641235000065E-007
  1.362551236430929E-006  4.023641235098054E-007  4.023641235098052E-007
  4.023641235098033E-007  4.023641235098033E-007  4.023641235098050E-007
  4.023641235098005E-007  4.023641235098050E-007  4.023641235098050E-007
  4.023641235098050E-007  4.023641235098005E-007  4.023641235098027E-007
  4.023641235098005E-007  4.023641235098027E-007  4.023641235098005E-007
  1.362551236430698E-006  4.023641235080443E-007  4.023641235066780E-007
  4.023641235053106E-007  4.023641235039446E-007  4.023641235025781E-007
  4.023641235012082E-007  4.023641234998473E-007  4.023641234984807E-007
  4.023641234971153E-007  4.023641234957465E-007  4.023641234943845E-007
  4.023641234930157E-007  4.023641234916514E-007  4.023641234902826E-007
  1.362551236431623E-006  4.023641235167779E-007  4.023641235222417E-007
  4.023641235277051E-007  4.023641235331695E-007  4.023641235386323E-007
  4.023641235440929E-007  4.023641235495624E-007  4.023641235550264E-007
  4.023641235604914E-007  4.023641235659508E-007  4.023641235714238E-007
  4.023641235768809E-007  4.023641235823494E-007  4.023641235878110E-007
  1.362551236431623E-006  4.023641235167780E-007  4.023641235222417E-007
  4.023641235277045E-007  4.023641235331695E-007  4.023641235386335E-007
  4.023641235440929E-007  4.023641235495613E-007  4.023641235550275E-007
  4.023641235604914E-007  4.023641235659531E-007  4.023641235714238E-007
  4.023641235768809E-007  4.023641235823517E-007  4.023641235878088E-007
  1.362551236430698E-006  4.023641235063527E-007  4.023641235036199E-007
  4.023641235008868E-007  4.023641234981549E-007  4.023641234954235E-007
  4.023641234926870E-007  4.023641234899584E-007  4.023641234872265E-007
  4.023641234844934E-007  4.023641234817580E-007  4.023641234790340E-007
  4.023641234762941E-007  4.023641234735700E-007  4.023641234708302E-007
  1.362551236427922E-006  4.023641235055327E-007  4.023641235028006E-007
  4.023641235000669E-007  4.023641234973355E-007  4.023641234946047E-007
  4.023641234918682E-007  4.023641234891385E-007  4.023641234864076E-007
  4.023641234836757E-007  4.023641234809449E-007  4.023641234782140E-007
  4.023641234754809E-007  4.023641234727501E-007  4.023641234700125E-007
  1.362551236433474E-006  4.023641235139403E-007  4.023641235166721E-007
  4.023641235194030E-007  4.023641235221361E-007  4.023641235248686E-007
  4.023641235275961E-007  4.023641235303314E-007  4.023641235330645E-007
  4.023641235357953E-007  4.023641235385273E-007  4.023641235412604E-007
  4.023641235439935E-007  4.023641235467266E-007  4.023641235494574E-007
  1.362551236426997E-006  4.023641234917234E-007  4.023641234780627E-007
  4.023641234644012E-007  4.023641234507403E-007  4.023641234370821E-007
  4.023641234234178E-007  4.023641234097591E-007  4.023641233960970E-007
  4.023641233824360E-007  4.023641233687751E-007  4.023641233551187E-007
  4.023641233414555E-007  4.023641233277990E-007  4.023641233141313E-007
  1.362551236431623E-006  4.023641235100097E-007  4.023641235100097E-007
  4.023641235100083E-007  4.023641235100083E-007  4.023641235100094E-007
  4.023641235100049E-007  4.023641235100083E-007  4.023641235100072E-007
  4.023641235100072E-007  4.023641235100060E-007  4.023641235100105E-007
  4.023641235100060E-007  4.023641235100105E-007  4.023641235100038E-007
  1.362551236433474E-006  4.023641235105561E-007  4.023641235105560E-007
  4.023641235105543E-007  4.023641235105549E-007  4.023641235105549E-007
  4.023641235105504E-007  4.023641235105549E-007  4.023641235105549E-007
  4.023641235105549E-007  4.023641235105526E-007  4.023641235105571E-007
  4.023641235105526E-007  4.023641235105571E-007  4.023641235105526E-007
  1.362551236431623E-006  4.023641235235461E-007  4.023641235344740E-007
  4.023641235454018E-007  4.023641235563297E-007  4.023641235672564E-007
  4.023641235781820E-007  4.023641235891144E-007  4.023641236000445E-007
  4.023641236109723E-007  4.023641236218979E-007  4.023641236328303E-007
  4.023641236437537E-007  4.023641236546905E-007  4.023641236656093E-007
  1.362551236433474E-006  4.023641235037879E-007  4.023641234983237E-007
  4.023641234928575E-007  4.023641234873942E-007  4.023641234819297E-007
  4.023641234764613E-007  4.023641234710018E-007  4.023641234655379E-007
  4.023641234600740E-007  4.023641234546078E-007  4.023641234491461E-007
  4.023641234436799E-007  4.023641234382183E-007  4.023641234327521E-007
  1.362551236433474E-006  4.023641235173239E-007  4.023641235227886E-007
  4.023641235282511E-007  4.023641235337156E-007  4.023641235391801E-007
  4.023641235446406E-007  4.023641235501079E-007  4.023641235555719E-007
  4.023641235610358E-007  4.023641235665020E-007  4.023641235719636E-007
  4.023641235774298E-007  4.023641235828938E-007  4.023641235883554E-007
  4.614093959731467E-006  1.362551236430874E-006  1.362551236430961E-006
  1.362551236431040E-006  1.362551236431126E-006  1.362551236431212E-006
  1.362551236431298E-006  1.362551236431379E-006  1.362551236431469E-006
  1.362551236431551E-006  1.362551236431641E-006  1.362551236431723E-006
  1.362551236431822E-006  1.362551236431894E-006  1.362551236431984E-006
  1.362551236430929E-006  4.023641235106514E-007  4.023641235113345E-007
  4.023641235120151E-007  4.023641235126984E-007  4.023641235133828E-007
  4.023641235140616E-007  4.023641235147494E-007  4.023641235154327E-007
  4.023641235161160E-007  4.023641235167936E-007  4.023641235174780E-007
  4.023641235181601E-007  4.023641235188445E-007  4.023641235195266E-007
  1.362551236430236E-006  4.023641235045237E-007  4.023641235004252E-007
  4.023641234963253E-007  4.023641234922273E-007  4.023641234881311E-007
  4.023641234840270E-007  4.023641234799318E-007  4.023641234758356E-007
  4.023641234717359E-007  4.023641234676386E-007  4.023641234635411E-007
  4.023641234594393E-007  4.023641234553486E-007  4.023641234512400E-007
  1.362551236431161E-006  4.023641235132571E-007  4.023641235159889E-007
  4.023641235187203E-007  4.023641235214523E-007  4.023641235241831E-007
  4.023641235269117E-007  4.023641235296493E-007  4.023641235323801E-007
  4.023641235351132E-007  4.023641235378407E-007  4.023641235405805E-007
  4.023641235433068E-007  4.023641235460422E-007  4.023641235487730E-007
  1.362551236431623E-006  4.023641235100100E-007  4.023641235100094E-007
  4.023641235100083E-007  4.023641235100083E-007  4.023641235100083E-007
  4.023641235100038E-007  4.023641235100083E-007  4.023641235100083E-007
  4.023641235100083E-007  4.023641235100038E-007  4.023641235100128E-007
  4.023641235100038E-007  4.023641235100128E-007  4.023641235100038E-007
  1.362551236431623E-006  4.023641235133940E-007  4.023641235161255E-007
  4.023641235188564E-007  4.023641235215889E-007  4.023641235243220E-007
  4.023641235270495E-007  4.023641235297848E-007  4.023641235325179E-007
  4.023641235352487E-007  4.023641235379784E-007  4.023641235407160E-007
  4.023641235434446E-007  4.023641235461822E-007  4.023641235489085E-007
  1.362551236428848E-006  4.023641235024224E-007  4.023641234969572E-007
  4.023641234914921E-007  4.023641234860288E-007  4.023641234805665E-007
  4.023641234750981E-007  4.023641234696353E-007  4.023641234641725E-007
  4.023641234587052E-007  4.023641234532412E-007  4.023641234477818E-007
  4.023641234423134E-007  4.023641234368540E-007  4.023641234313856E-007
  1.362551236432548E-006  4.023641235204352E-007  4.023641235286311E-007
  4.023641235368259E-007  4.023641235450229E-007  4.023641235532194E-007
  4.023641235614107E-007  4.023641235696112E-007  4.023641235778093E-007
  4.023641235860052E-007  4.023641235941988E-007  4.023641236024003E-007
  4.023641236105928E-007  4.023641236187944E-007  4.023641236269846E-007
  1.362551236430698E-006  4.023641235063527E-007  4.023641235036199E-007
  4.023641235008868E-007  4.023641234981555E-007  4.023641234954235E-007
  4.023641234926870E-007  4.023641234899584E-007  4.023641234872276E-007
  4.023641234844945E-007  4.023641234817603E-007  4.023641234790340E-007
  4.023641234762964E-007  4.023641234735700E-007  4.023641234708324E-007
  1.362551236429773E-006  4.023641235026950E-007  4.023641234972310E-007
  4.023641234917655E-007  4.023641234863009E-007  4.023641234808387E-007
  4.023641234753703E-007  4.023641234699086E-007  4.023641234644424E-007
  4.023641234589785E-007  4.023641234535146E-007  4.023641234480529E-007
  4.023641234425867E-007  4.023641234371250E-007  4.023641234316543E-007
  1.362551236429773E-006  4.023641235297677E-007  4.023641235461599E-007
  4.023641235625520E-007  4.023641235789438E-007  4.023641235953350E-007
  4.023641236117256E-007  4.023641236281208E-007  4.023641236445148E-007
  4.023641236609078E-007  4.023641236772984E-007  4.023641236936924E-007
  4.023641237100842E-007  4.023641237264805E-007  4.023641237428655E-007
  1.362551236427922E-006  4.023641234818442E-007  4.023641234599876E-007
  4.023641234381290E-007  4.023641234162722E-007  4.023641233944165E-007
  4.023641233725563E-007  4.023641233507028E-007  4.023641233288449E-007
  4.023641233069891E-007  4.023641232851312E-007  4.023641232632755E-007
  4.023641232414198E-007  4.023641232195641E-007  4.023641231977038E-007
  1.362551236435324E-006  4.023641235381749E-007  4.023641235600318E-007
  4.023641235818869E-007  4.023641236037443E-007  4.023641236256000E-007
  4.023641236474535E-007  4.023641236693137E-007  4.023641236911717E-007
  4.023641237130285E-007  4.023641237348853E-007  4.023641237567411E-007
  4.023641237785990E-007  4.023641238004547E-007  4.023641238223104E-007
  1.362551236433474E-006  4.023641235173242E-007  4.023641235227883E-007
  4.023641235282511E-007  4.023641235337156E-007  4.023641235391790E-007
  4.023641235446395E-007  4.023641235501079E-007  4.023641235555730E-007
  4.023641235610369E-007  4.023641235664997E-007  4.023641235719659E-007
  4.023641235774276E-007  4.023641235828960E-007  4.023641235883554E-007
  1.362551236431623E-006  4.023641235167776E-007  4.023641235222420E-007
  4.023641235277051E-007  4.023641235331690E-007  4.023641235386323E-007
  4.023641235440940E-007  4.023641235495613E-007  4.023641235550264E-007
  4.023641235604903E-007  4.023641235659554E-007  4.023641235714170E-007
  4.023641235768832E-007  4.023641235823494E-007  4.023641235878088E-007
  4.614093959731539E-006  1.362551236430422E-006  1.362551236430121E-006
  1.362551236429821E-006  1.362551236429513E-006  1.362551236429222E-006
  1.362551236428922E-006  1.362551236428633E-006  1.362551236428321E-006
  1.362551236428023E-006  1.362551236427733E-006  1.362551236427435E-006
  1.362551236427124E-006  1.362551236426835E-006  1.362551236426527E-006
  1.362551236430929E-006  4.023641235106510E-007  4.023641235113339E-007
  4.023641235120151E-007  4.023641235126984E-007  4.023641235133817E-007
  4.023641235140605E-007  4.023641235147483E-007  4.023641235154316E-007
  4.023641235161148E-007  4.023641235167936E-007  4.023641235174802E-007
  4.023641235181601E-007  4.023641235188468E-007  4.023641235195266E-007
  1.362551236430698E-006  4.023641235080444E-007  4.023641235066780E-007
  4.023641235053106E-007  4.023641235039446E-007  4.023641235025792E-007
  4.023641235012082E-007  4.023641234998461E-007  4.023641234984807E-007
  4.023641234971141E-007  4.023641234957465E-007  4.023641234943845E-007
  4.023641234930134E-007  4.023641234916536E-007  4.023641234902803E-007
  1.362551236430698E-006  4.023641235080444E-007  4.023641235066780E-007
  4.023641235053106E-007  4.023641235039446E-007  4.023641235025792E-007
  4.023641235012082E-007  4.023641234998461E-007  4.023641234984807E-007
  4.023641234971141E-007  4.023641234957465E-007  4.023641234943845E-007
  4.023641234930134E-007  4.023641234916536E-007  4.023641234902803E-007
  1.362551236429773E-006  4.023641235060793E-007  4.023641235033469E-007
  4.023641235006136E-007  4.023641234978816E-007  4.023641234951502E-007
  4.023641234924137E-007  4.023641234896851E-007  4.023641234869531E-007
  4.023641234842212E-007  4.023641234814870E-007  4.023641234787606E-007
  4.023641234760230E-007  4.023641234732967E-007  4.023641234705569E-007
  1.362551236431623E-006  4.023641235235461E-007  4.023641235344740E-007
  4.023641235454013E-007  4.023641235563302E-007  4.023641235672575E-007
  4.023641235781820E-007  4.023641235891144E-007  4.023641236000456E-007
  4.023641236109735E-007  4.023641236219002E-007  4.023641236328325E-007
  4.023641236437559E-007  4.023641236546905E-007  4.023641236656116E-007
  1.362551236428848E-006  4.023641235024221E-007  4.023641234969574E-007
  4.023641234914921E-007  4.023641234860282E-007  4.023641234805654E-007
  4.023641234750970E-007  4.023641234696353E-007  4.023641234641713E-007
  4.023641234587063E-007  4.023641234532412E-007  4.023641234477818E-007
  4.023641234423134E-007  4.023641234368540E-007  4.023641234313833E-007
  1.362551236429773E-006  4.023641235128474E-007  4.023641235155792E-007
  4.023641235183098E-007  4.023641235210428E-007  4.023641235237765E-007
  4.023641235265040E-007  4.023641235292382E-007  4.023641235319724E-007
  4.023641235347032E-007  4.023641235374363E-007  4.023641235401694E-007
  4.023641235429025E-007  4.023641235456356E-007  4.023641235483642E-007
  1.362551236431623E-006  4.023641235303142E-007  4.023641235467062E-007
  4.023641235630986E-007  4.023641235794904E-007  4.023641235958805E-007
  4.023641236122711E-007  4.023641236286674E-007  4.023641236450626E-007
  4.023641236614544E-007  4.023641236778450E-007  4.023641236942390E-007
  4.023641237106286E-007  4.023641237270294E-007  4.023641237434122E-007
  1.362551236424222E-006  4.023641234807512E-007  4.023641234588949E-007
  4.023641234370370E-007  4.023641234151790E-007  4.023641233933255E-007
  4.023641233714653E-007  4.023641233496096E-007  4.023641233277494E-007
  4.023641233058937E-007  4.023641232840379E-007  4.023641232621823E-007
  4.023641232403265E-007  4.023641232184708E-007  4.023641231966061E-007
  1.362551236433474E-006  4.023641235240925E-007  4.023641235350206E-007
  4.023641235459479E-007  4.023641235568763E-007  4.023641235678041E-007
  4.023641235787286E-007  4.023641235896610E-007  4.023641236005900E-007
  4.023641236115178E-007  4.023641236224445E-007  4.023641236333769E-007
  4.023641236443003E-007  4.023641236552349E-007  4.023641236661560E-007
  1.362551236429773E-006  4.023641235026951E-007  4.023641234972308E-007
  4.023641234917655E-007  4.023641234863009E-007  4.023641234808364E-007
  4.023641234753691E-007  4.023641234699086E-007  4.023641234644447E-007
  4.023641234589807E-007  4.023641234535146E-007  4.023641234480529E-007
  4.023641234425867E-007  4.023641234371273E-007  4.023641234316566E-007
  1.362551236429773E-006  4.023641235297677E-007  4.023641235461599E-007
  4.023641235625520E-007  4.023641235789438E-007  4.023641235953350E-007
  4.023641236117256E-007  4.023641236281208E-007  4.023641236445148E-007
  4.023641236609078E-007  4.023641236772984E-007  4.023641236936924E-007
  4.023641237100842E-007  4.023641237264805E-007  4.023641237428655E-007
  1.362551236429773E-006  4.023641235094634E-007  4.023641235094630E-007
  4.023641235094622E-007  4.023641235094617E-007  4.023641235094617E-007
  4.023641235094583E-007  4.023641235094617E-007  4.023641235094617E-007
  4.023641235094617E-007  4.023641235094594E-007  4.023641235094639E-007
  4.023641235094594E-007  4.023641235094662E-007  4.023641235094571E-007
  1.362551236424222E-006  4.023641234875195E-007  4.023641234711269E-007
  4.023641234547337E-007  4.023641234383402E-007  4.023641234219484E-007
  4.023641234055533E-007  4.023641233891627E-007  4.023641233727686E-007
  4.023641233563768E-007  4.023641233399828E-007  4.023641233235933E-007
  4.023641233071992E-007  4.023641232908097E-007  4.023641232744111E-007
  4.614093959731467E-006  1.362551236430664E-006  1.362551236430578E-006
  1.362551236430489E-006  1.362551236430401E-006  1.362551236430318E-006
  1.362551236430232E-006  1.362551236430146E-006  1.362551236430064E-006
  1.362551236429970E-006  1.362551236429897E-006  1.362551236429803E-006
  1.362551236429735E-006  1.362551236429635E-006  1.362551236429545E-006
  1.362551236431392E-006  4.023641235107878E-007  4.023641235114705E-007
  4.023641235121518E-007  4.023641235128351E-007  4.023641235135184E-007
  4.023641235141971E-007  4.023641235148849E-007  4.023641235155682E-007
  4.023641235162515E-007  4.023641235169291E-007  4.023641235176180E-007
  4.023641235182956E-007  4.023641235189845E-007  4.023641235196622E-007
  1.362551236430698E-006  4.023641235131205E-007  4.023641235158522E-007
  4.023641235185842E-007  4.023641235213162E-007  4.023641235240464E-007
  4.023641235267761E-007  4.023641235295137E-007  4.023641235322435E-007
  4.023641235349765E-007  4.023641235377029E-007  4.023641235404450E-007
  4.023641235431713E-007  4.023641235459044E-007  4.023641235486397E-007
  1.362551236431623E-006  4.023641235117019E-007  4.023641235130675E-007
  4.023641235144326E-007  4.023641235157986E-007  4.023641235171651E-007
  4.023641235185260E-007  4.023641235198959E-007  4.023641235212625E-007
  4.023641235226279E-007  4.023641235239922E-007  4.023641235253633E-007
  4.023641235267230E-007  4.023641235280964E-007  4.023641235294561E-007
  1.362551236431623E-006  4.023641235066259E-007  4.023641235038933E-007
  4.023641235011602E-007  4.023641234984282E-007  4.023641234956968E-007
  4.023641234929603E-007  4.023641234902317E-007  4.023641234874998E-007
  4.023641234847667E-007  4.023641234820313E-007  4.023641234793050E-007
  4.023641234765697E-007  4.023641234738433E-007  4.023641234711057E-007
  1.362551236430698E-006  4.023641235097368E-007  4.023641235097361E-007
  4.023641235097349E-007  4.023641235097355E-007  4.023641235097361E-007
  4.023641235097315E-007  4.023641235097349E-007  4.023641235097361E-007
  4.023641235097349E-007  4.023641235097327E-007  4.023641235097395E-007
  4.023641235097327E-007  4.023641235097395E-007  4.023641235097327E-007
  1.362551236430698E-006  4.023641234995847E-007  4.023641234913877E-007
  4.023641234831906E-007  4.023641234749947E-007  4.023641234667983E-007
  4.023641234585979E-007  4.023641234504054E-007  4.023641234422095E-007
  4.023641234340125E-007  4.023641234258132E-007  4.023641234176230E-007
  4.023641234094214E-007  4.023641234012312E-007  4.023641233930296E-007
  1.362551236429773E-006  4.023641235196152E-007  4.023641235278118E-007
  4.023641235360071E-007  4.023641235442024E-007  4.023641235523995E-007
  4.023641235605931E-007  4.023641235687912E-007  4.023641235769882E-007
  4.023641235851841E-007  4.023641235933811E-007  4.023641236015736E-007
  4.023641236097775E-007  4.023641236179745E-007  4.023641236261647E-007
  1.362551236429773E-006  4.023641235365358E-007  4.023641235583922E-007
  4.023641235802487E-007  4.023641236021045E-007  4.023641236239590E-007
  4.023641236458148E-007  4.023641236676739E-007  4.023641236895329E-007
  4.023641237113898E-007  4.023641237332455E-007  4.023641237551012E-007
  4.023641237769592E-007  4.023641237988194E-007  4.023641238206683E-007
  1.362551236433474E-006  4.023641235037879E-007  4.023641234983237E-007
  4.023641234928575E-007  4.023641234873942E-007  4.023641234819297E-007
  4.023641234764613E-007  4.023641234710018E-007  4.023641234655379E-007
  4.023641234600740E-007  4.023641234546078E-007  4.023641234491461E-007
  4.023641234436799E-007  4.023641234382183E-007  4.023641234327521E-007
  1.362551236433474E-006  4.023641235105561E-007  4.023641235105560E-007
  4.023641235105543E-007  4.023641235105549E-007  4.023641235105549E-007
  4.023641235105504E-007  4.023641235105549E-007  4.023641235105549E-007
  4.023641235105549E-007  4.023641235105526E-007  4.023641235105571E-007
  4.023641235105526E-007  4.023641235105571E-007  4.023641235105526E-007
  1.362551236426072E-006  4.023641234880661E-007  4.023641234716732E-007
  4.023641234552798E-007  4.023641234388869E-007  4.023641234224951E-007
  4.023641234060988E-007  4.023641233897093E-007  4.023641233733152E-007
  4.023641233569234E-007  4.023641233405271E-007  4.023641233241421E-007
  4.023641233077436E-007  4.023641232913563E-007  4.023641232749577E-007
  1.362551236427922E-006  4.023641235089167E-007  4.023641235089167E-007
  4.023641235089162E-007  4.023641235089150E-007  4.023641235089150E-007
  4.023641235089128E-007  4.023641235089150E-007  4.023641235089150E-007
  4.023641235089150E-007  4.023641235089150E-007  4.023641235089150E-007
  4.023641235089150E-007  4.023641235089196E-007  4.023641235089105E-007
  1.362551236435324E-006  4.023641234975662E-007  4.023641234866378E-007
  4.023641234757068E-007  4.023641234647795E-007  4.023641234538500E-007
  4.023641234429188E-007  4.023641234319954E-007  4.023641234210675E-007
  4.023641234101397E-007  4.023641233992096E-007  4.023641233882795E-007
  4.023641233773539E-007  4.023641233664260E-007  4.023641233555004E-007
  1.362551236429773E-006  4.023641235094629E-007  4.023641235094634E-007
  4.023641235094622E-007  4.023641235094617E-007  4.023641235094617E-007
  4.023641235094594E-007  4.023641235094617E-007  4.023641235094617E-007
  4.023641235094617E-007  4.023641235094639E-007  4.023641235094594E-007
  4.023641235094639E-007  4.023641235094639E-007  4.023641235094594E-007
